0100011110111
1001000111111
0100110101111
1011000111101
1011100101011
0000110111111
0010011111011
0111001010111
1110111010100
1111001101010
1010111010011
1110101100011
1101001100111
1110110001110
1011110001011
1101101111000
1011001011011
1111010011010
1011101110010
1111100100110
0010010111111
0111110001110
0111101001011
1100010111011
1111110100010
0011001111110
0111011101001
0101111011100
1001111011100
1110001110110
1010101011110
1000110111011
0101010111011
1110000111110
1111101001001
1100111010101
0011010011111
1011010101011
1011111010010
0111010101011
1101101000111
1000101110111
0110011101101
0111111001100
1110111010010
1100011001111
1111100101010
1001110101011
1011111101000
1000111011101
1011001110110
0001111101110
1110100011011
1001111101010
1010111101100
1111001011001
0011110101101
0000111011111
1011001111010
1101000011111
1001110110110
1000001111111
1110111100100
0111100111001
0111011011100
0011001111011
0101110110011
1011111011000
1011011100110
0111101010011
1111000110011
0111101011100
0111110100110
0101101110011
1101100101110
1010111101001
0101011011110
1100110101110
1111000100111
1010001011111
0111001001111
0101111011001
1001001101111
1110011110010
1001011100111
1110101110001
1001101101110
1001010111011
0100101111011
0111010110011
1011111110000
0011110110101
1110101010011
1011101001110
1100110111010
1100011101110
1001010011111
0011110101110
0110101110110
1110100101101
1101100011101
1110010101110
0110111111000
0100111101011
1011010101110
0111111010010
0111011011010
0100111110011
1001101110101
1001011111010
1111101110000
1011011011100
1100111010011
1110001011110
1011101110100
1111100110100
1110000111101
0101101110101
1100111101001
1010100011111
0110011011101
0100111111100
0100101111101
0110010111011
0100111001111
0101010101111
0001110110111
0111101111000
0110000111111
0011111100011
1101111001010
0100111111010
1111011000101
1100111011001
1110111001001
1011111000110
1101010100111
1111101010010
1101110000111
0101010011111
0011110011011
1110110001101
1111010110010
0101100101111
1111000101011
1011011001011
1100111100110
1100001111101
1010110111001
1111000111100
1110100111100
1010110011101
1010111110010
1101101110001
1010100101111
1011101101010
1001101110011
1011011110100
0111011001011
1110011100110
1011010110011
1001111110001
0101011111010
1001010111110
1010111100110
1101101011010
0111010011101
1100110110101
0100110111011
0100011111101
0000011111111
1011000011111
1011110001101
0101111101100
1001011110110
0101001110111
1011101101001
0111111000110
1101000101111
1110100011101
1000110111110
0011011101101
1100101010111
1101110101001
0000111110111
1110001010111
0110101111010
1011010111001
0111010111010
0011101001111
1101011100011
1001110001111
1111001011010
1100111101010
0110001110111
1010011111001
1110110111000
1011110101001
1111001111000
1100011111100
1010111001011
1111101100100
1101111000110
1010101001111
0111001101110
0111100110101
0110011111100
1001011110101
1011001010111
1110010100111
1001010101111
0111101101010
1101001011110
1011011101010
0101111110010
1101100011110
1110011100011
1000111101011
1101110110010
1100101110011
0111111010001
0100101110111
0101001111110
1101011001101
0111101101100
0111110110001
1101110111000
1101100001111
1011000111011
1001101010111
1110000101111
0011100110111
0111110101010
1001111000111
1101000110111
1011001100111
0011110001111
1100111100011
0101010111110
0111010011110
0001111110101
1111100010011
0110101111001
0111110001101
1100101101101
0110110111001
1111100100011
1011101100110
1001001111101
1001111100110
1010111010101
1010110101101
1100101111001
0100011101111
1011110110010
0111111110000
1111100011100
0110111100011
1110111100010
0111011110100
1101100011011
1110110010011
0011011101110
1010011110011
1011101100101
1101011110001
1001011011101
0010111111001
0110011010111
1011100010111
1011001110101
1011011011001
1101001011011
1010110110011
1000110111101
1101011011001
1011101111000
1011001111100
1011111100010
0111100100111
0110001011111
1011111001001
1011110100101
1001001111110
0100111101110
0101110100111
1101101100011
1011100100111
1101001110110
1000011111101
1111111000100
1110110001011
0111011001101
0001011110111
1101110100011
1010101110011
0111000111011
0111011110010
1001100111110
1110000110111
0011110011110
1011010100111
0111001111010
0110101101110
0101101100111
0101011100111
1101110001101
1101001011101
0101110001111
0101111100011
1000011101111
1111010110100
0111000110111
0110111110010
1110101000111
1111100001101
1111101001010
0011001011111
1011011001101
1111011010001
0110111100110
1011110111000
1101011001011
1011010011110
1001111101001
1110010111001
1001101111100
1110110000111
1101001110101
0101011101011
1001110101101
1001110110011
1111000001111
1100101001111
1000111011011
1010110111010
1111100111000
0101101111100
0011100011111
0110100011111
0111101001101
0001101111110
0011111110001
1001001111011
0110110110101
0111110010011
1101100010111
1100011011110
1111000010111
0011101101110
1011111010100
0010101111110
1001110011011
1111010011001
1110101011010
0010111110110
1001111100011
0101111110001
0011001110111
0011110011101
0010101111011
0011000111111
0011111001110
1001011101110
0111100011101
1110101001011
1011010001111
1010101101011
0011100111110
1101011100101
0110100110111
1011101000111
1111001100101
1111000110110
0011111101100
1101101010101
1111111000001
1110011001101
0111110000111
0001111110110
0111000101111
0011110111010
1100111000111
0111100101101
1100111001101
0111010110101
1110011111000
1101101001011
1111010001011
1111110011000
1111101010100
1101010011011
1001001110111
1110011011010
1011110010101
1100110110110
1101001111001
1111100001110
1001110110101
1110011101001
1010111001110
1010011010111
1110100110011
0011101111010
1111000101110
1111010101010
0110101111100
1101101010011
0001101011111
1111000111001
1100110001111
0101110010111
0100011011111
0101011110110
1001010111101
0101111000111
0011101100111
1010111111000
0110111011010
1011110101010
1010011011101
0010111011011
1101001101011
0111001110110
1101010110101
0110111101010
1011000111110
1101110001110
1010101100111
0110110010111
1100101011011
1001101011110
1101100101011
1110010011101
1011010111100
0011101110101
1010101111010
1110111000011
1000110011111
1010101011101
1110100111010
1001111100101
1111111100000
0010111110101
1110110110010
1001111111000
1110111010001
0101101011011
1011101010110
0101101011110
1101101110100
1010110110101
1101001101110
1101010001111
0011110010111
0100111110101
1111111010000
1110101110100
1100010111101
1111110001100
0011110110011
0011010110111
1101111001100
0111111100100
1010111110100
1011001001111
0111100011011
0011101111001
1000101111110
0001111111001
1001111011010
1011100011110
0010101111101
0011010111101
0110101110011
0111101011001
1111110001010
1010011011011
1110111001010
0111111100010
0010101101111
1011010010111
0100111011110
0011011011110
1011011011010
0001111111100
0111110011010
0111101100011
1001111011001
0110110101110
1110010110101
1110110101100
0110001111110
0110011011110
1111101101000
0110111010011
1110001110101
0111011111000
1000111111100
1001011101011
0101011001111
1101111001001
1110101010101
1100011101101
1000111111010
0001011101111
1111100001011
1101111010001
1111001101100
1011011110010
1001111001110
0010111111100
1100010101111
1101100101101
1100011010111
1011110011010
1100100110111
1110100111001
0101111010101
0011101110110
1011110100110
0011111100110
1110001011101
1110101001101
1010101010111
0110101001111
0111100111010
1011100011101
1110010011110
0010011011111
0111110101100
1101010010111
1010111000111
1010011011110
1111110001001
0111111000011
0011011010111
1101100100111
1110001101110
0011101111100
1110101100110
1001101101101
0010110011111
0001111101101
1011011000111
1110111100001
1100110111001
1011110110100
1011100110101
1001100101111
0001110011111
1111111001000
0110101101101
1010011101110
0011101101101
1011111000101
0101111010011
1001111110010
1000101101111
0111110001011
1101011100110
0111101011010
1011101001011
0001110111101
1110110101010
1101110011100
1001010110111
0011111001011
0010101011111
1100101111100
1101101001110
1010011001111
1010001111011
1011011101001
1100110110011
1011001101101
0111001111100
1101011101001
0100111111001
1111011001001
1101011110010
0001111011110
1110101101001
1100110011101
1100110101011
0011011110110
0011011110101
1001011111001
1101011111000
0111100001111
0110110001111
0001101111011
1001011001111
1011001110011
0101011010111
1000111011110
1011100011011
0111111100001
0011111011001
1011101010101
1100011111010
1111000101101
1111101100010
1110111110000
1101110110001
0110101011011
1011100101101
0100110110111
0110111101100
0101111010110
1111001010110
1011100111100
1011000101111
1100100101111
1100101101011
0011100101111
0101011110101
0100101111110
0001001111111
1010100111011
0110011001111
0111101100101
0111001011101
1111110000011
0010101110111
1000011011111
1110011000111
1111011100100
1010011100111
1101110100110
1110110010101
1101110011001
1101011010110
1100101110101
0010110111011
1111100010101
1010010111101
1011010011011
1011001011101
1100111111000
1110101100101
0111101001110
1011001101011
1010101111100
1101100111001
1100101110110
1100100111110
1111001010101
0011011001111
0110011111001
1000111110101
1111100000111
0110100111110
0111000111110
0111100101011
1100110100111
1100011110011
1101100111100
0110111011001
1100111011100
0110111010110
1100101011101
1001011011011
1100011110110
1110001001111
0110111001101
1010110111100
0010100111111
1111010110001
0011110100111
0011111101010
1111100010110
1110011011001
0101100011111
1010110011110
0101111110100
1010001111101
0111011100011
0100101011111
0101101010111
1101000111110
0011101011101
1001011011110
0110011110101
0110111011100
0100101101111
1110101110010
1101001110011
0010111110011
0110111000111
1110001011011
0101110110101
0010110111110
1111001001011
1100101101110
0101100111110
0111010100111
1011111100100
1011001011110
1000011111110
0111110010101
1010011101011
1110001110011
0010011111101
1001011101101
1010100111101
1000011110111
0011001111101
1110110100011
0110010110111
0110101110101
0011011011101
1010111001101
1010110011011
1110010110110
1100101100111
1101110010101
1101110011010
1100111110100
1001111010011
0110110111100
1110101011100
0101011110011
1100111001110
1111001110100
1100100011111
0101110101110
1101011101100
1010010110111
1011111001100
0001111110011
1100111100101
1101101100110
1110001111010
0101101101011
1110011001011
0110011011011
1010001110111
1101111100100
1110110011010
0111100010111
1000101111101
1101001101101
1010111011100
1110000111011
1101101100101
0111001110101
0001101111101
0111011001110
0111111011000
0100111011101
0111101110001
1110100101011
0001110111011
0101110101101
0111110110010
1010001111110
1111000011110
0111100110110
1111010001110
0111100110011
1100010111110
1000111100111
1111010010110
0111111001001
0111111000101
0011111000111
0101011101101
0011111010011
1001111001101
1000111110011
1011111010001
1101110010110
1101011001110
0111100101110
0101111001011
1001101001111
1111000110101
1010110100111
0011110110110
0001111010111
1101101101100
0100011111011
0001111001111
0110110101101
0101000111111
1111100100101
1011101001101
1110010101101
0011011110011
1010011110110
1011011010101
1101100110101
0011011111001
0110110111010
0101111100101
0110110011011
1110100100111
0111001011011
0101010110111
0111110101001
1111100011010
1010110001111
1011100001111
1110000011111
1110011010110
1001101111001
0101111101010
1000111111001
0111101100110
0110001111101
1101111010100
0010110101111
0111001111001
0001010111111
0000111111101
0111010101101
1010011110101
0111000011111
1011110010011
1001101011011
0111100011110
1101101011001
1001011111100
1100100111011
0001011111011
0101011011011
0110101100111
1110101011001
0000111101111
1100100111101
0110111001110
1111001100110
0110001101111
1101011010011
0000111111110
1011110101100
1100011111001
1111001110010
1111001000111
0011101101011
0111001110011
0101011011101
0100010111111
1011010110110
1101001001111
1101111011000
1100001111011
0110101011110
1011110001110
1111110110000
0111010010111
1100110111100
1111011101000
0111101101001
1111101011000
1101101101001
0111011101100
1011100110011
1110101111000
1000111101110
1111110010010
1011011010110
1110001111001
0111101110100
0111011010110
0011110101011
0100111011011
0011011011011
1011100111010
0111010110110
0110110110011
0101111011010
1111001001110
0101110111010
1110011110001
1101110110100
1101110100101
1110011010101
1101101010110
1110011011100
1011111000011
0110111110001
0101111111000
1001011110011
0111101010101
1010001101111
0010011101111
0011111110100
1101001010111
1011011001110
0001110101111
1111110010001
1111110100001
1111011010100
0011101110011
1010110101011
1001110111001
1001110011101
1101111010010
0110111100101
0111011110001
0110101011101
0011111010101
0010111010111
0110110101011
0011011101011
1011100111001
0001101110111
0010001111111
1110011101010
0010111100111
0011100111011
1100111011010
1111110000110
1001100111101
1100110011110
1100001110111
0110110011110
1111100011001
1011011100011
1001101011101
0010111101101
1100101111010
1011010110101
1011010101101
1110100110110
1111000011011
1111110101000
1110100011110
1100111001011
1011101110001
1111010011100
1110010010111
1111110010100
1000011111011
0110011111010
1111010111000
1100011110101
0111011010101
0110111001011
1111101001100
0011100111101
0010111101110
1010101110110
1010111100011
0111111101000
1110010001111
1111011100010
0011111001101
0111000111101
1101110001011
1011101011100
1101000111101
1001100110111
0101100111101
1001110100111
1101010011110
0111111010100
1011100110110
1101010011101
1101010110110
0111011101010
1110101101100
1110001111100
1001101110110
1001001011111
1101010101011
1000110101111
1110101001110
1110100010111
0111001101101
1011110000111
1001111010110
1110011110100
1001110111100
1010100111110
0111110011100
1011101101100
1011011111000
1100110011011
1001111001011
0110110011101
0101001101111
1111100110010
1010111011010
1101010111100
1101111000011
0101100111011
0011011111100
1101011011100
0001111111010
1011110011100
1110011100101
1101011011010
1101010101101
1010010011111
0110100101111
1000100111111
1010101101101
0010111011110
0110011110110
0100001111111
1111101100001
1110011101100
0011111101001
0011111110010
1111001001101
1011011100101
1111010100101
1001101101011
1111101000101
0110010101111
1010101111001
1110110011100
0001101101111
1100110010111
0110101101011
1111001101001
0001111100111
1100001101111
1111111000010
1011011101100
1110011010011
1101101110010
1110110100101
1110010101011
1010011111010
0111010011011
1010011111100
0010111101011
1011111001010
1100010011111
1101110010011
1100011100111
1101111100001
1110110110001
0100011111110
1110111000110
1100000111111
1010101101110
1101110101010
1001110101110
0110110110110
0111110110100
1010111010110
1111010101001
0101011101110
0111011100110
1100011101011
0111110011001
1101010110011
0101110011110
1001100111011
1011101010011
0001111011101
1110100110101
0010111011101
0111001011110
1011101011010
0111011100101
0110101010111
1000111010111
1010011101101
1100111101100
1011010111010
1101111110000
0011110111001
1001111010101
1110010111010
0100111110110
0101111101001
0111101000111
0001111011011
0111001101011
1001110010111
1011100101110
1100010110111
1111011010010
1101111101000
1011010011101
1010000111111
1010111100101
1110010011011
1110010110011
0101111001101
1010111101010
1111011001100
0011111100101
1011110100011
1011000110111
0111010111100
1111011000011
1100011011101
1110001101011
0100100111111
0011101010111
0110010011111
1110010111100
1100101011110
1110001100111
0111011000111
0011001101111
0101111001110
0101100110111
0101011111001
1111010101100
1110111001100
1100110101101
1000110110111
0100110111101
1111101000110
1101101101010
0110100111011
1111010100110
1101000111011
1110111000101
0110011100111
0110111101001
0110011101011
1011101100011
0111110111000
1110100101110
1101010111010
0001111101011
1001101111010
1000111101101
1110110110100
0001011011111
0111110100011
1100111010110
0111101010110
0010110110111
1100011011011
1010101110101
1101100110011
1100001011111
1111011001010
0011111111000
1111010100011
1111010000111
1010111110001
1111000011101
0111011011001
1111000111010
1001100011111
0101110101011
1110001101101
1000101111011
0101001111101
0101101101110
1010110101110
1111101010001
1101101001101
1111010010011
0101101111010
1101111100010
1001101100111
1111001100011
0010011111110
0101101101101
1101110101100
1110111011000
1111010001101
0100110011111
0101001011111
0111111001010
1111001110001
1101011010101
0011101011011
1110110101001
0011011111010
1011001101110
1011111100001
0011111011010
1110110011001
1010111011001
1100111110001
0100111010111
1101011110100
1111011000110
0110110100111
1010110110110
0011110111100
0101111100110
1001110111010
1011001111001
1110100001111
0110011101110
0110001111011
1101010111001
1101100110110
0101010111101
0011011100111
1010010111110
1000010111111
1111010010101
0010110111101
1011110010110
1101111000101
0011111010110
0100110111110
0100111100111
1001110011110
1100111110010
0101110111100
1110101101010
0111110100101
0111001100111
0001011111101
1001111101100
0011010111011
1111110100100
0110111110100
1101100111010
1010110010111
0110010111101
1001011010111
0110011110011
0010111111010
0111011010011
1001111110100
1010101011011
0110100111101
1110101010110
0101110111001
0010011110111
0001110111110
1110011001110
0111100111100
0011101011110
1101010101110
0101101001111
1101001111010
1101011000111
0100111101101
1000111110110
0101011111100
0001100111111
0111101110010
1110110100110
0111010001111
1111110000101
0111010111001
0000111111011
0000101111111
1111100101001
0101101110110
1010010111011
0101110011011
0110010111110
1010010101111
0010111001111
0111010101110
0101110110110
1111100101100
0011010111110
0011010101111
0110111010101
1111100110001
1111011110000
1100001111110
0101110011101
1111011100001
1010100110111
0001011111110
0101101011101
1101011101010
0111110010110
1111011011000
1000111001111
1011011110001
0101101111001
1011110110001
1011101011001
1110111101000
1000101011111
1111001010011
0101001111011
1111101000011
1110110010110
1111001011100
0011111011100
1011110011001
1101101011100
1101001111100
1011011010011
