0111011000000
0000100110011
0000100100111
0001000110011
0001100001110
0001100010101
0011000101100
1000000001111
0011101010000
0011011000010
0100000010111
0100011010001
1100110100000
0100010001110
0100000110110
0001011010010
0100001101001
0000110101001
0001010110001
1100100101000
0000101101100
1000010110001
1000100101010
0100110100010
1010100000011
0001110010100
0000001111001
0001001101010
0101011000010
0110010010001
0100010101010
0111000100100
1001010011000
0010000010111
1000001100110
0110000000111
1100000100101
1001000000111
0011101000001
0010110010010
1001011000100
0010010001011
1110011000000
1010000100011
0000001111100
0010100010101
0001101010001
0000101111000
0110100010010
1001001001010
0100001011100
1011000000011
1110000001010
0010100011010
1100000100011
0001001110100
0000110010101
0101110100000
0000010111001
1011010000100
1000110101000
1100111000000
0100100001101
0011100001001
1001001010001
1010001000110
0000111100100
0000111000110
1100001010100
1010000010101
1100100001001
0000101011100
1001011010000
0001001100011
1110100000001
0011110000001
1000110010001
0100100011001
0011000100101
0110010011000
0010000001111
1011000000110
0010010100110
0001110101000
0111100100000
0000101011001
0001000101110
0010011100010
0100010111000
0110101000010
0110000011010
0100110011000
1100110000010
0000101100110
0110001100100
1100011001000
1000001010101
1100011000100
0101100100010
1000110110000
0001001100101
1000001001011
0010010110010
0000011010101
1101000110000
1100000001101
1001000011001
1000000111100
1101100100000
1110000000110
0011100100001
0111000001001
0010010101010
1110001010000
0011000110001
0001010110100
0000101001101
0101010110000
1100001100100
0010110001001
1011010000010
0011001100001
0011000100011
0110000010101
0110011010000
0000101010011
1000111000100
0000100001111
1000001100011
0001000011011
0001101000011
0001100001011
1000101101000
1110010001000
1000000011011
1100001011000
0001100011010
0010000011011
0101100100100
1101000001001
1001001101000
0011000101010
0011000100110
1110001000100
0000111000101
1000010010011
0000001110011
1100101000010
1001000001011
0011100000011
1001010001001
0100100011100
1010000101001
0000001101101
0100010010011
0100110101000
0110000101001
1100000110100
0010010010110
0100010011100
1011000011000
1001000100101
0100100101001
0000011110010
0110001010100
1011001100000
0101001000110
0101001110000
0010010001110
1000100110100
1001001001001
1100000001011
0011001100100
0101011000100
0011010010001
0010101001001
0011010000101
0000110000111
0100110001010
0110101001000
0010000110101
1000000101101
0101101100000
0111001000100
1010001100100
1000101110000
0101100000110
0001101101000
1010001100001
0110001011000
1000000111001
0000110100011
1000110100001
1000110001001
1010100011000
1100010000011
0010100010110
1001110010000
0011010000110
0111001000010
1011100000100
1100000011001
0010001101001
0110001000101
0001010000111
1010010001100
1001011000010
1001101100000
0100001100011
0001111000100
0100001011010
0000111100010
0101000101100
0001111000010
1001010100100
0011001001010
0010100000111
1000011100100
0010010111000
0001001110010
1010110000001
0001000100111
0101000101010
1010000000111
1100110010000
1010000011001
0001010101001
0001100101010
0110110000001
0110010000101
0010101001100
0011000001110
0001001001011
1010001000101
0000011011001
0100100011010
1100011010000
0001000101011
1001001000101
0010101001010
1100000010101
1010100010100
1011000010001
0001011011000
0000000111011
1101001000010
1011011000000
0111101000000
0001110110000
0110110000100
0100010011010
1110010010000
0000101110100
0001001010101
1001101000010
1110010000001
1001100101000
1011000001100
1000011001001
0100100110001
1001011001000
0011001010010
0000110011010
0101000001101
1010011010000
0000100011110
0010110010001
0101100000011
1001001000110
0110110001000
0011010000011
1000101100001
1000001001101
1010100001001
1011100100000
1000100101001
0110100000101
0100101100001
0011110000010
0110000110010
1001100010100
0011100101000
0011000010101
0110000100101
0000100101101
0100110000011
0011010100001
0000011101100
0011001010100
0101010000110
0100100110010
0111000100001
0000001110101
0010111000010
1100010001001
0100011110000
1010001100010
0001011100100
0010001110010
0101010100010
1001000110010
0101001000011
0110100100010
0010000101101
1010000100110
0000010111100
1011000000101
1000011010010
0101100001100
0011010001010
0000100010111
1110100000100
1001000001101
0110100100100
1000010111000
1101101000000
0011011010000
0111000011000
0001100010110
0100010110010
0100001110100
0001100100110
0111100000010
1000111000010
1010100001010
1100101001000
1010010110000
1000010011100
0100001011001
0101000100101
0100001001101
1010010100100
0001000001111
1000101000011
0110000111000
0100000101011
1000000011110
0010001011010
0000100110101
0010001011100
1000011000101
0001001101100
0000001101110
0100110110000
1000000101110
1000110000101
0101010010001
0001100101100
0110100001100
1001100100001
1011101000000
0010101100001
0111000001010
1000101000101
1101001000100
1000011000011
0000100111010
0100010101001
1010001001010
0010011101000
0100101010100
1101100010000
1011100000010
0101010000101
0000111010001
1100100001010
1100010100010
1001000010110
0000011101010
0001001100110
0111010000010
0100111010000
0010000011101
0010011011000
1101000100001
0000011100101
0111001100000
0000001011101
0100010100101
0100010001101
0000101001011
1010000110100
0100010011001
1010101100000
0100001000111
0010011100100
1000001110100
1000001111000
0001100111000
1100101000001
1010100000101
0110000101010
0001000111100
0001101000110
1110000000101
0010010101001
1110000000011
0100111001000
1011001000100
0110010100100
0011010100010
0110000101100
1000101100100
0111000010010
0100100100011
1010000001011
1100010100001
1101000100010
1000110010100
1001100001001
1111001000000
0101011000001
0010001000111
1001010010001
0010100001011
0011010010010
1001110100000
0100011000101
1000101011000
0010100110100
0000100111100
0010001110001
0100001110001
0110001001100
1101011000000
0001001010011
1011100001000
1110000010100
1100010010010
1000100111000
0100001101010
0011110001000
0001110011000
0100011000011
0000110100101
1001011100000
0101101001000
1000100100101
0011100001010
0110010100001
1001110000100
1000101001010
0101000010101
0000100110110
0111010001000
0100100111000
0110010000011
1110000001001
1001000110100
0110011001000
0110001110000
1100101010000
0000010110110
0101010010010
1000110010010
0100011010100
0000111010100
0010100010011
0011000101001
1000011000110
0010010100101
0101000100110
0100111000010
1010100010001
1000000110110
1001101001000
0100011101000
0001110010010
0010100001110
0000001011110
1000100001011
1001100010010
0000011011010
0100000011101
0000100011011
1100000110010
0011000000111
0101000110010
0001101001001
1000101001100
0011001000101
1001000101100
0110000010110
0101011010000
1111000000010
0111010000100
1100000011100
1100100100001
0000010110101
1001111000000
0010110100100
0111001001000
0101010101000
0001100110100
0011100010100
0001100101001
1001001100010
0010000110110
1001101000001
0010100101001
1001001100001
0000011111000
0110001010010
0001011110000
1101000010100
0110010110000
0111000000101
1110000100010
1100110000001
0010110000110
0001110000110
1001010001010
0001100100101
0110001100010
1000111100000
0010110101000
0101101010000
0010100110001
1110000010010
1100001101000
1000010100101
0011111000000
0011001100010
0010100100011
1010101000010
0010111000001
0100100100101
1100010000101
1011000100001
0000110101100
0001110001010
1010001010010
0010011001001
0001110100010
1000101010010
0100011001010
0110100001010
0001011100001
1010001011000
1011000001010
1010000101100
0100010001011
1101010000010
0010001010011
0000101100011
1011001001000
1111000100000
0011001000110
0011010001001
0110100010001
0001010010101
0010010011001
0100100100110
1000010000111
0110000110001
1100001000011
0010010101100
1100001010010
1000110100010
1101000000110
0110010100010
1110000101000
1101000100100
1000001011100
1100001001001
0110010101000
0001111010000
0101010010100
0011011000001
0010011000101
0010000111010
0100100010101
1000110001100
0011110000100
1000010010101
0101110010000
1000110011000
1010010001001
0101001100001
0000111000011
1100001000110
0110001000110
1001010000011
0110101000001
1000100100011
0101011100000
1000000110011
0011101100000
0101101000010
0000011010110
1100000000111
1000001110010
0000001010111
0011101000010
1010001000011
1010001001100
0001110010001
0011000111000
0101001000101
0010000111100
0111000000110
1011010000001
1011001000010
0111000000011
1001110001000
0101001100100
1000000100111
0001001111000
0100000111001
1001010000110
1010010101000
1001000110001
0001100011001
0101110000010
0001000011101
0101001001100
0010100110010
0001000010111
0101001100010
0000111010010
0010111001000
1000011100001
0110100000110
0101001101000
0000101010110
0011000010011
0010110110000
0101010100001
1000010001011
1000001010011
1000111010000
1011000101000
1001010100001
1001000101001
1000100101100
1011000001001
0110011100000
1100100010001
0010111010000
1101010001000
0110101000100
0110111000000
1000001110001
1001100011000
0110001010001
1010100100001
1001100110000
1000110100100
1001001000011
1000010110010
0101000010110
0110010000110
0010010010011
0111010100000
1110001000001
1001100001010
1011100000001
0110100010100
0011011100000
0100000011011
0111001000001
0000010011011
1100001100001
0000001110110
1000111001000
0001101011000
0000001101011
0000110110001
1011000110000
1001000111000
0001100010011
0010101100100
0011011000100
0100001010101
0110110100000
0010101010100
0001001000111
0101000001110
0011001011000
1000110001010
1100001010001
1000100010110
1000001000111
0010000101110
0111010010000
0010001101010
1110000011000
1010000001101
0010010001101
0000010011110
1001100010001
0010101101000
0001110001001
1010101010000
0010001011001
1011010100000
1010011000010
0010110000011
0000011100011
1101000010001
0001010010110
0010011000011
0010111100000
0111000101000
1001100100010
1011110000000
1010010001010
0010101110000
0100000100111
0010101011000
0010010100011
1001000100110
0101001010010
0100101001001
1010100010010
0010100101100
1000011010100
0010011010100
0001010011010
0101000101001
0000010001111
1001000101010
1101000001010
1010111000000
0010001100110
1101100000100
1010110010000
1010110100000
1000000110101
0000110001101
1000100011100
0001000111001
0100110001001
1110100000010
0000010011101
0100001110010
1011001000001
1010011001000
0001100110001
1000001100101
0101100010100
1100010100100
1110010000010
0110101100000
1000001101100
1010000110010
0001001011001
1100010010100
0101101000001
1001010010100
1100101000100
0100100010011
0111000100010
1010001001001
0001011000110
0100100001110
0010110010100
1001000001110
0110001001010
0000000011111
1000111000001
1000101010100
0001010100101
1000101100010
0000111001010
0011000001011
1100100000110
1010011000100
0011100001100
0100000001111
0000000101111
0000101011010
0010001001110
1100011100000
0101110000100
1001001010100
0110000001110
1000001101001
0101100101000
1100001000101
0110011000100
0101100010010
1101000000011
1111000000001
0001011001010
0110110010000
0001010101010
1010110000010
0000011001011
1001011000001
1000010101001
0100100110100
1100100000011
0000010110011
0010011100001
0001001011100
0100001101100
0010001110100
0000011011100
1010000101010
0010010110100
0000110110010
1011010001000
1001100000110
0011101001000
1010100100010
0000011010011
1011000010010
0100001010011
0000111100001
1010110000100
0011000001101
0010010000111
1001000010011
0000100101011
0010001100011
0000000111110
0011110010000
0011100000110
0000110011001
0011010101000
0101000011001
0000111011000
0110110000010
0110001101000
1100100010010
0001010001110
0110000011100
0001110000101
0010110100001
0000011001101
0001001001110
1001100000011
0000101010101
0101100011000
0001101110000
0010000100111
0000100011101
0100001001011
0001010100110
1100000101100
0010001101100
0001011010001
1100010110000
1100000010110
0011100100100
1011000100010
0111100001000
1010000010110
1000100000111
1001010001100
0001010100011
1100100000101
1111000010000
0011001010001
1010101001000
0101001010001
1110000010001
0101111000000
1000011001010
0000110100110
0010101000110
1010010000110
0100000011110
0000010010111
0000101001110
0100101100010
1010100110000
0101000110001
1101001100000
1010000111000
0000101110010
1000010010110
0001100100011
0000111101000
1101000010010
0100001111000
1010100001100
0011000011010
0001011001100
0001010011100
0011000011001
1100100100010
1110000110000
0001100000111
0000000110111
0101001010100
1110001001000
1000101001001
1000001011001
1101000101000
1001110000001
0100011010010
0101010100100
1101000011000
0111010000001
0111001010000
1101001001000
1110000100100
0010100011100
0101001001010
0101001001001
1000101000110
0000010100111
1100011000010
1010011000001
1000000111010
0011010001100
0001101100001
1000011011000
0001100110010
1010010000101
1100110001000
0110000100110
1000100110010
1001010110000
1100001001010
1001010000101
0111100010000
0000110011100
0111100000100
1100010011000
1100000001110
0001100011100
0100000101101
1010010010100
1001000011010
0001010110010
0100010100110
1100101100000
1000010110100
0110010010100
0001101100100
1000100011010
0000110111000
0001101001100
0000010101011
0000000111101
1110101000000
0100100101100
0100101010001
1100100100100
0000101101010
0100010010110
1100000011010
0001010010011
0011010110000
0100000101110
1010001010100
1000010101010
1001001001100
0001101100010
0001010111000
1001010010010
1001100001100
0011100000101
0100110010010
0001001110001
1111000000100
1100010010001
1111000001000
1110001000010
0011000011100
1010010010010
1110110000000
0101000110100
0110010010010
0101000111000
0110001001001
1111010000000
0100010110100
0000001011011
0011001001001
0100111100000
1000110000011
0100100010110
0001111000001
1101010000100
0000111110000
0101000011100
0100111000100
1000001010110
0001110000011
0010010010101
0100110000101
0000100101110
0000001001111
0011100010010
1000010001110
0110010001001
0001000111010
0000111001100
0100110100100
1011100010000
1100000100110
0000010111010
1010000110001
0000011110001
0100000111010
0010011001100
1000011101000
0000010101110
0001011010100
1010001110000
0001001011010
0001101010010
0101000010011
1100010001100
1101010000001
1010001010001
0101100001010
1010000011100
0010110001100
0101010001010
0101100000101
1100000111000
0000001100111
1110000100001
0010101100010
1000010101100
0101110001000
0110000100011
1010100000110
0110100101000
0011000110010
0100001100101
0000110110100
0100101001010
0010100111000
1100001001100
0100010000111
1010000001110
0011010011000
0110001100001
0010100011001
1001010101000
0100011011000
1000010001101
0100001001110
0011100110000
0110001000011
1110100001000
0100100001011
0111000010001
1001000010101
0001000011110
0111000010100
1000011010001
1001010100010
1011000100100
0111000110000
0011100010001
1010110001000
0011001110000
0101100100001
0110000110100
0011001001100
1010010100010
0001001101001
0010001111000
1101110000000
0001101001010
1000010011010
1001001011000
0101001011000
1000101010001
1010010011000
0001010101100
0011000010110
0010011110000
1010010100001
1000110000110
1001000011100
0101101000100
1001001100100
0101010001100
0100010010101
0100011100010
0001011100010
1110000001100
1000100011001
0000110001011
1000011110000
1101000001100
0001110100100
1101100000001
1010001101000
0110011000010
0001011000011
0001011001001
0100101010010
0100110100001
0110010001010
0110100000011
0100011000110
0100101110000
0011011001000
1110100100000
0110011000001
0100110000110
0100101001100
0010110100010
0001100001101
1001100100100
0101011001000
1000010100110
0000101101001
1000000101011
0010100101010
1011010010000
0011010100100
0010100100101
1000100010101
1100010001010
0100101011000
0010110001010
0100011100001
1100011000001
1101100001000
0011010010100
1001001110000
0010011000110
0101110000001
1011000010100
0001010001101
0000110001110
0100000110101
1100010101000
0111000001100
1000100001110
1101010100000
0100101000101
1010010010001
0100111000001
0010001010101
0110100100001
0101000011010
0101000100011
1000100010011
0100100101010
0100001100110
1010100100100
1100110000100
1100100011000
0011001101000
0001011101000
0110000001011
1000000010111
1101000000101
0000101000111
0010100001101
0101000001011
0001101000101
0100101100100
0001110001100
0000110101010
1000100001101
0010101010001
0011000110100
0010011010010
0010111000100
0001010001011
1100000101010
0101100110000
0000001111010
1101001000001
0101100001001
0011101000100
0010101010010
0110010001100
0011110100000
0100011001001
0010011010001
0100110001100
0010000111001
0001111001000
1010101000100
1000010100011
1001101010000
0010001100101
1100000010011
0000011001110
1001100000101
0010001001011
1000011001100
0010010011010
0101010000011
0000011100110
1001001010010
1010000010011
1101100000010
0001110100001
0000110010110
1111100000000
0100110010001
0101100010001
0000101110001
1100001110000
1110100010000
0000100111001
0101010011000
0001000101101
0100101000110
0010001001101
1100010000110
0001111100000
0100001010110
0110101010000
0010010011100
0110000010011
1000000011101
1100000101001
0000011101001
1000001101010
1110001100000
1001101000100
0100000110011
1000001001110
1000100110001
0001001001101
0010000011110
0100101000011
1101010010000
0010101000101
1100100001100
0000111001001
0010110000101
0110000011001
0000110010011
0001000110110
1010010000011
1100100010100
1100001100010
0010011001010
0100101101000
1010100101000
1011001010000
0001001010110
0000010101101
0100010100011
0000011000111
1000011100010
0000011110100
1101001010000
0001010011001
0011100011000
0110100001001
0110000001101
1010101000001
1010000100101
0100010101100
0111110000000
0110100011000
0100110010100
0101010001001
0100011001100
1100100110000
1110010100000
1010000011010
1000001011010
0010010110001
0100011100100
0111100000001
1100000110001
1010011100000
1110010000100
0100000111100
0010101000011
0100010110001
0011100100010
0000101100101
1000100100110
0010000110011
0010001010110
0010110011000
0001000110101
0010000101011
0101000000111
1001000100011
0001101010100
0001011000101
0011001000011
1000010011001
0100100000111
0010100100110
1001110000010
0110100110000
